0 0.140625 0.501618 0.111328 0.176569
1 0.145592 0.517300 0.099206 0.049493
1 0.115827 0.269766 0.092591 0.066004
0 0.255234 0.353908 0.075990 0.131949
0 0.268490 0.501618 0.093698 0.166667
0 0.382578 0.418285 0.068333 0.135322
0 0.466895 0.465312 0.082669 0.169961
0 0.480124 0.347329 0.078268 0.092398
0 0.546810 0.511520 0.103620 0.206277
0 0.645462 0.500799 0.084883 0.181520
0 0.735846 0.372904 0.091484 0.140273
0 0.781589 0.528031 0.134479 0.222768
0 0.945358 0.505741 0.109284 0.224425
0 0.590352 0.387758 0.078255 0.077544
