1 0.387187 0.513958 0.032938 0.018139
1 0.752818 0.397451 0.033656 0.016236
1 0.603484 0.429924 0.027219 0.018153
0 0.616875 0.646479 0.038792 0.066847
0 0.646422 0.464639 0.031031 0.050139
0 0.650302 0.400569 0.055500 0.047750
0 0.704318 0.401368 0.048948 0.052514
0 0.813245 0.460653 0.051927 0.072417
0 0.841198 0.369667 0.075917 0.072583
0 0.548620 0.427917 0.012177 0.022917
1 0.097141 0.397542 0.034885 0.016583
1 0.275104 0.404611 0.026500 0.015278
1 0.338484 0.396500 0.028656 0.014333
1 0.420490 0.425625 0.025063 0.015278
1 0.156422 0.405021 0.032990 0.016569
0 0.585927 0.403375 0.024812 0.036667
0 0.220667 0.425000 0.060708 0.058889
0 0.157646 0.399833 0.050750 0.053667
0 0.272708 0.406812 0.030937 0.052708
0 0.338026 0.399938 0.034385 0.050431
0 0.530974 0.424000 0.026635 0.041250
0 0.607896 0.428583 0.034375 0.045833
0 0.474250 0.419417 0.024917 0.036667
0 0.757443 0.399368 0.039531 0.051569
0 0.095656 0.398792 0.034375 0.057306
