0 0.693454 0.254600 0.030525 0.069567
0 0.475542 0.521492 0.034783 0.080917
0 0.524517 0.449800 0.031950 0.085167
0 0.689554 0.543500 0.035492 0.079500
1 0.517067 0.280150 0.032650 0.024133
1 0.603308 0.561950 0.029100 0.028400
1 0.688487 0.539950 0.033358 0.035500
1 0.783958 0.263117 0.034067 0.029800
1 0.841100 0.236858 0.036200 0.022717
1 0.673933 0.416442 0.021300 0.012783
0 0.517421 0.272342 0.031942 0.076650
1 0.477488 0.523808 0.029142 0.027550
0 0.467021 0.307125 0.030525 0.078083
0 0.125517 0.497183 0.043467 0.103300
